id10002-QnnjJ9i5WFs-00001 -5.801916 -3.2687726 6.3630366  
id10016-CsU9a10ccxA-00002 2.8024197 11.254139 2.1608443  
id10089-sdf5l_qGIK8-00022 -6.6749125 13.790477 5.5925207  
id10160-iHviSV_oY04-00001 -1.6105555 11.9402275 -1.9660184  
id10193-lh-5ywLSky0-00002 3.2644887 13.317231 3.0533478  
id10200-f1rYlKU1bTQ-00003 -6.495978 13.802784 5.859339  
id10222-mlav4Pv6YC4-00010 -0.7415835 7.1943583 8.063772  
id10310-E3J23SXNUas-00002 -0.17649 4.496628 4.810042  
id10344-0fnUYmS7UGE-00007 -2.6975312 1.3639352 5.7168093  
id10367-C4L4gbdvIzg-00002 -1.5003221 11.809713 -1.5643324  
id10402-WyhPlXQ0fIc-00001 -2.6692157 1.3602245 5.442497  
id10403-TcmgQSo6iGE-00038 -1.5912085 12.145443 -1.8052309  
id10413-sOGdhaGlQhc-00001 -2.548387 1.3378093 5.676436  
id10418-CyM_h8oCREA-00003 -0.56708235 6.997084 7.892187  
id10427-FjR-RX1OwXQ-00006 -2.605034 1.3169113 5.757978  
id10428-BrJkp6rQHME-00024 -2.5609627 1.5787383 5.4645143  
id10473-lbIhDYVHIiI-00011 -2.9693391 1.9505273 5.496135  
id10479-VmiRBGp6Kcg-00004 3.9299722 5.615013 5.475076  
id10516-v6ELdKgMEhk-00006 -0.33132613 1.0721079 5.656917  
id10620-ZFSILbLHr5s-00001 -2.5547183 1.8150104 5.3567147  
id10636-p3APIxhtH6s-00002 -6.442325 13.770367 5.813218  
id10663-kYL7s5lF_dY-00005 -2.682782 1.4662167 5.6429577  
id10667-nVuQSqcHzPA-00013 1.3370202 1.2259253 8.315427  
id10709-kmWCVenjdu4-00001 -1.8712012 12.051048 -1.857365  
id10727-vQRq1oJGmFk-00001 -3.1499994 1.567932 5.604997  
id10733-8ycnZc6cHC8-00002 -6.4979134 13.533973 5.4900084  
id10771-Dy2oyGpoVLE-00003 -6.5236773 13.651825 5.7958856  
id10780-LwcwxNVZln4-00001 -0.33644462 1.3121989 5.652706  
id10784-tlDioyTt2pc-00003 5.046119 10.586645 3.8957188  
id10839-pZZgbCIOpyY-00016 -2.6753743 1.5131377 5.7028112  
id10949-yoxp0lEbVVg-00010 0.111362845 -7.2452846 7.8651466  
id10957-eqH0UYe8P9U-00021 -2.7250037 1.637134 5.7728558  
id11001-p6wKxdg0p9w-00012 0.12008915 0.9122124 5.574791  
id11004-jUNuii-d-EI-00009 1.4674863 1.269127 8.465096  
id11042-MkJyBzF9aJc-00009 -10.665638 2.2798657 4.66348  
id11045-PRHVM5I6Dkc-00008 -0.16243201 1.1815637 5.760007  
id11059-irBOepxl5hw-00009 -0.24781363 1.3236691 5.536499  
id11080-qs4KrnNPOO8-00002 -0.27574643 1.5032903 5.7870684  
id11087-cIil5hNSDc4-00011 -6.6867805 13.84502 5.671766  
id11109-NB9u0j_N5sk-00001 -10.530521 2.3858843 4.5708494  
id11115-XwjzWXSWoqQ-00001 -2.7833447 1.4676387 5.71481  
id11126-qTvxIdEj3-U-00003 -0.35414344 1.1839001 5.721337  
id11129-zT-Gd2djRV0-00008 -0.037651215 1.0460473 5.720763  
id11131-QGbIqFhNg14-00005 -0.09081265 1.5163926 6.0230355  
id11132-OG_Pzr-UXdM-00008 -6.4673796 13.808808 5.8776774  
id11158-nkWnMiYxqfA-00003 -6.357809 13.660991 5.889609  
id11169-djryv1vcto0-00012 5.159444 -1.8917962 3.8309803  
id11170-pX4D7Rf1aPw-00001 -6.6656594 13.711215 5.6679225  
id11178-lXUU9Vr96Ok-00002 0.039380077 0.9422273 5.6405225  
id11192-be7NOQSX9Vc-00004 5.1596007 10.611631 3.998032  
