id10002-RLKKsYiCMvc-00014 3.0643175 13.647727 2.9426806  
id10016-dOnuu_9-nyI-00036 -6.58189 13.870317 5.749193  
id10089-sdf5l_qGIK8-00015 -1.4208459 12.093085 -2.020658  
id10160-vpZ36lIRfmw-00005 5.242073 -2.13392 4.0284247  
id10193-ZzOqBd40UOs-00002 -0.43917957 6.876337 8.1986265  
id10200-kMyh9kSFhL8-00023 -2.901424 1.4268644 5.798102  
id10222-KBJOha0SIGM-00004 4.44302 7.1066823 9.9731  
id10310-as4yGi5XhcI-00001 -3.113974 1.3601245 5.851535  
id10344-I5bDluEsxp4-00003 -2.6512814 3.3075573 -4.1588817  
id10367-yMBRxsz4oy8-00007 -2.7076511 1.4151644 5.4184303  
id10402-nvfyC1t-Ppk-00005 -10.667111 2.3853993 4.6291776  
id10403-zQb5QQMDfSA-00009 11.500315 12.0213585 3.8936653  
id10413-d6vzz99CWjY-00015 6.9161654 15.479057 -5.287585  
id10418-IKx-d5MaV-0-00011 -8.37217 11.32551 0.58830184  
id10427-YhUTg8YFzPs-00004 5.0251737 10.597569 3.9058404  
id10428-l0lzZvCNkJw-00006 -6.731675 13.839975 5.6133103  
id10473-SEAivAmrPaE-00003 -1.8535783 12.151359 -1.7208843  
id10479-YkWjfSi9Jrg-00001 1.5127888 1.1663036 8.699364  
id10516-t1q3SwXgpZs-00001 0.031568985 0.6782986 5.6405783  
id10620-WNltmPDcBv8-00006 -0.8817373 7.705677 3.0548537  
id10636-zkIP-aUBoBg-00008 -0.07595563 1.2298313 5.8242683  
id10663-obAC_kyH25M-00014 -5.6237407 9.291126 9.376313  
id10667-nVuQSqcHzPA-00005 -5.4314795 9.154008 9.361065  
id10709-l_JlQt6ULTE-00008 5.1868286 10.562532 4.0928535  
id10727-cjuZeT_JSBs-00004 -10.713607 2.372915 4.5606656  
id10733-KDvXei18Weo-00001 -0.09650443 1.3252802 5.734835  
id10771-bc2ueHo_0Sg-00002 0.20423073 0.8979796 5.4920187  
id10780-7AB42QgFlBY-00005 -0.452969 6.9253283 8.173472  
id10784-CDDXIPQGNF4-00002 -2.5926473 1.4553745 5.7033935  
id10839-nHItXVk89OE-00001 5.488255 8.67893 14.047941  
id10949-ydWs6rvJcec-00004 -0.122889355 1.0103973 5.754284  
id10957-7kTARbHZHkg-00027 0.84842944 9.819756 1.5785586  
id11001-gQgj-fB7jzw-00008 4.6490254 -0.37844598 -5.4351106  
id11004-Qq_ncaVFAMs-00011 -6.436997 13.685103 5.7187147  
id11042-MkJyBzF9aJc-00006 -0.6875904 1.735559 5.602684  
id11045-aZuTqteDmAE-00003 1.511983 1.2810019 8.65057  
id11059-pN5tCEAVJlY-00003 0.2779601 18.229591 8.20048  
id11080-EdSQFx7gezs-00001 -6.3673334 13.538904 5.705712  
id11087-q7xxJIiRNoM-00038 -2.3814862 3.6664484 5.052669  
id11109-fdRgtOVHjvU-00003 -0.83395314 8.152202 3.2207885  
id11115-gQpPpY2gUHc-00005 -0.40599453 6.7119727 8.007277  
id11126-y35AZ0aP0hU-00006 -3.3892853 10.127522 -5.6672635  
id11129-is5z_0Ic5dE-00003 -1.7588171 0.80911875 0.7804759  
id11131-8BlOgFYSAG8-00005 0.782917 9.665419 1.5461446  
id11132-fRUHpkIk0fw-00005 -0.5641144 1.3221526 5.691518  
id11158-JXk3o_ppHqo-00007 0.07792951 2.4733336 6.2202687  
id11169-Fl0Z1neCTJA-00004 -10.7470665 2.3026915 4.4834476  
id11170-WOjNZFtRwDg-00008 4.8044086 0.5712331 10.389144  
id11178-E-jaSlMj7wQ-00015 12.14231 13.9324665 1.5195607  
id11192-MaBm6MtbAso-00001 -0.36946172 1.3673096 5.604154  
