1.561313754986674 0.9318810401152664 1.774826647662366 
1.0121217988524345 0.5836343390686792 2.624038246553882 
2.8183590743247877 2.8958030832139574 3.5016560464977387 
4.07988767311559 2.7979400595126553 4.580384482439052 
1.3887813290193867 3.54352587463716 2.5432217999602473 
0.226877858232308 0.8454696824119541 1.8399882886782493 
6.35946621182551 5.250898741066386 3.7778023108720893 
8.452225450451573 8.449415381623787 2.966786901708393 
9.608635015463637 3.8554431653376264 7.9864619359816125 
3.0655962351213186 0.5802856755995923 5.42755039765301 
